v2.0 raw









05
00
08
05
80
00


08
20
00
08
b0
00
1c
00
60
0a
00
00


08
20
00
1c
00
84


04
00
78
44
00
00


08
30
00
1c
00
84


04
00
3d
44
00
00


08
40
00
1c
00
84


04
00
0d
44
00
00

a1
80
00

08
30
00
06
00
0a
84
40
00
18
00
48
14
00
06


05
80
00
a1
00
00

08
20
00
06
00
0a
84
40
00
18
00
5d
14
00
06


14
00
5d




0a
80
00
04
00
00
a8
80
00

18
00
75
80
50
00
a4
80
00
14
00
69

24
00
00






07
80
30
80
70
00
44
00
00
24
00
00






0b
20
00
06
80
0a
05
00
00



08
80
00
84
50
00
30
00
a2


84
d0
00
08
10
00
a1
00
00
14
00
8d


07
80
30

a9
00
00
18
00
b1

81
70
00
45
00
00


80
f0
00
08
10
00
44
00
00

09
60
00

24
00
00



