v2.0 raw
04
00
03
28
0c
00
04
00
00
28
0c
01
0c
0c
00
0e
0c
01
1c
00
90
0a
80
00
1c
00
c0
08
50
00
40
80
00
0b
10
00
06
80
36
84
d0
00
18
00
3c
08
e0
00
06
80
34
84
d0
00
18
00
54
14
00
0c
a0
00
00
06
80
08
08
80
00
84
50
00
08
10
00
18
00
60
28
0c
00
14
00
0c
a4
00
00
18
00
60
28
0c
00
14
00
0c
04
00
00
28
0c
00
0e
0c
01
44
42
00
06
00
08
44
42
00
0c
0c
01
a0
00
00
28
0c
01
06
80
08
84
50
00
18
00
87
14
00
0c
04
00
00
28
0c
01
14
00
0c
04
80
01
07
80
07
0a
80
00
84
70
00
08
50
00
18
00
b4
0b
10
00
80
e0
00
09
70
00
a5
00
00
0b
a0
00
14
00
96
44
c2
00
06
80
08
44
d2
00
24
00
00
a8
00
00
18
00
cc
a4
00
00
14
00
c0
24
00
00
